255 238 244 255 238 251 247 239 254 246 242 255 238 249 255 238
238 255 248 231 227  15  11  12  11  11  25 216 252 243 238 255
244 248 119  72 182 244 246 247 245 246 243 182 114 118 244 248
255 231  72 255 238 251 247 239 254 246 242 162 238 115 252 238
238 227 182 238 255 242 235 230 217 237 204  22 255 176 231 255
251  15 244 251 242 249 115 187 198 123 244 251 242 177 243 242
247  11 246 247 235 115 247 246 247 246  33 237 246 177 239 246
239  12 247 239 230 187 246 252 240 247 198 217 253 176 232 253
254  11 245 254 217 198 247 240 253 246 187 230 239 177 246 239
246  11 246 246 237 123 246 247 246 247  54 246 247 177 238 247
242  25 243 242 251 244  33 198 187  54 249 242 251 176 234 251
255 216 182 255 238 251 237 217 230 246 242 255 238 178 247 238
238 252 114 238 255 242 246 253 239 247 251 238 255 111 235 255
249 243 118 115 176 177 177 176 177 177 176 178 111 247 249 243
255 238 244 252 231 243 239 232 246 238 234 247 235 249 255 238
238 255 248 238 255 242 246 253 239 247 251 238 255 243 238 255
255 238 244 255 238 251 247 239 254 246 242 255 238 249 255 238
238 255 248 231 227  15  11  12  11  11  25 216 252 243 238 255
244 248 119  72 182 244 246 247 245 246 243 182 114 118 244 248
255 231  72 255 238 251 247 239 254 246 242 162 238 115 252 238
238 227 182 238 255 242 235 230 217 237 204  22 255 176 231 255
251  15 244 251 242 249 115 187 198 123 244 251 242 177 243 242
247  11 246 247 235 115 247 246 247 246  33 237 246 177 239 246
239  12 247 239 230 187 246 252 240 247 198 217 253 176 232 253
254  11 245 254 217 198 247 240 253 246 187 230 239 177 246 239
246  11 246 246 237 123 246 247 246 247  54 246 247 177 238 247
242  25 243 242 251 244  33 198 187  54 249 242 251 176 234 251
255 216 182 255 238 251 237 217 230 246 242 255 238 178 247 238
238 252 114 238 255 242 246 253 239 247 251 238 255 111 235 255
249 243 118 115 176 177 177 176 177 177 176 178 111 247 249 243
255 238 244 252 231 243 239 232 246 238 234 247 235 249 255 238
238 255 248 238 255 242 246 253 239 247 251 238 255 243 238 255
255 238 244 255 238 251 247 239 254 246 242 255 238 249 255 238
238 255 248 231 227  15  11  12  11  11  25 216 252 243 238 255
244 248 119  72 182 244 246 247 245 246 243 182 114 118 244 248
255 231  72 255 238 251 247 239 254 246 242 162 238 115 252 238
238 227 182 238 255 242 235 230 217 237 204  22 255 176 231 255
251  15 244 251 242 249 115 187 198 123 244 251 242 177 243 242
247  11 246 247 235 115 247 246 247 246  33 237 246 177 239 246
239  12 247 239 230 187 246 252 240 247 198 217 253 176 232 253
254  11 245 254 217 198 247 240 253 246 187 230 239 177 246 239
246  11 246 246 237 123 246 247 246 247  54 246 247 177 238 247
242  25 243 242 251 244  33 198 187  54 249 242 251 176 234 251
255 216 182 255 238 251 237 217 230 246 242 255 238 178 247 238
238 252 114 238 255 242 246 253 239 247 251 238 255 111 235 255
249 243 118 115 176 177 177 176 177 177 176 178 111 247 249 243
255 238 244 252 231 243 239 232 246 238 234 247 235 249 255 238
238 255 248 238 255 242 246 253 239 247 251 238 255 243 238 255

246 246 246 245 246 246 246 246 246 246 246 245 246 246 246 246
246 245 245 231 163 135 134 133 135 133 136 172 235 246 246 246
246 245 150 117 192 203 204 203 204 203 202 190 107 174 246 246
245 226 119 241 217 245 245 247 244 247 245 243 246 107 235 246
246 136 200 183  26 230 239 224 226 238 246 248 243 190 172 245
245  93 219 244 220 196  91 171 168  87 219 246 245 202 136 246
245  91 220 244 237  95 230 246 245 224  87 238 247 203 133 246
246  89 219 247 222 179 246 245 246 245 168 226 244 204 135 246
245  91 220 244 224 182 245 246 245 246 171 224 247 203 133 246
246  90 219 247 233 103 237 245 246 230  91 239 245 204 134 246
246  91 219 245 245 173 103 182 179  95 196 246 246 203 135 246
245 131 204 243 247 245 233 224 222 237 245 244 248 192 163 246
246 219 129 248 243 245 247 244 247 244 246 248 243 117 231 245
245 246 129 129 204 219 219 220 219 220 219 200 119 150 245 246
245 246 246 219 131  91  90  91  89  91  93 136 226 245 245 246
246 245 245 246 245 246 246 245 246 245 245 246 245 246 246 246
246 246 246 245 246 246 246 246 246 246 246 245 246 246 246 246
246 245 245 231 163 135 134 133 135 133 136 172 235 246 246 246
246 245 150 117 192 203 204 203 204 203 202 190 107 174 246 246
245 226 119 241 217 245 245 247 244 247 245 243 246 107 235 246
246 136 200 183  26 230 239 224 226 238 246 248 243 190 172 245
245  93 219 244 220 196  91 171 168  87 219 246 245 202 136 246
245  91 220 244 237  95 230 246 245 224  87 238 247 203 133 246
246  89 219 247 222 179 246 245 246 245 168 226 244 204 135 246
245  91 220 244 224 182 245 246 245 246 171 224 247 203 133 246
246  90 219 247 233 103 237 245 246 230  91 239 245 204 134 246
246  91 219 245 245 173 103 182 179  95 196 246 246 203 135 246
245 131 204 243 247 245 233 224 222 237 245 244 248 192 163 246
246 219 129 248 243 245 247 244 247 244 246 248 243 117 231 245
245 246 129 129 204 219 219 220 219 220 219 200 119 150 245 246
245 246 246 219 131  91  90  91  89  91  93 136 226 245 245 246
246 245 245 246 245 246 246 245 246 245 245 246 245 246 246 246
246 246 246 245 246 246 246 246 246 246 246 245 246 246 246 246
246 245 245 231 163 135 134 133 135 133 136 172 235 246 246 246
246 245 150 117 192 203 204 203 204 203 202 190 107 174 246 246
245 226 119 241 217 245 245 247 244 247 245 243 246 107 235 246
246 136 200 183  26 230 239 224 226 238 246 248 243 190 172 245
245  93 219 244 220 196  91 171 168  87 219 246 245 202 136 246
245  91 220 244 237  95 230 246 245 224  87 238 247 203 133 246
246  89 219 247 222 179 246 245 246 245 168 226 244 204 135 246
245  91 220 244 224 182 245 246 245 246 171 224 247 203 133 246
246  90 219 247 233 103 237 245 246 230  91 239 245 204 134 246
246  91 219 245 245 173 103 182 179  95 196 246 246 203 135 246
245 131 204 243 247 245 233 224 222 237 245 244 248 192 163 246
246 219 129 248 243 245 247 244 247 244 246 248 243 117 231 245
245 246 129 129 204 219 219 220 219 220 219 200 119 150 245 246
245 246 246 219 131  91  90  91  89  91  93 136 226 245 245 246
246 245 245 246 245 246 246 245 246 245 245 246 245 246 246 246

246 245 245 246 245 245 246 245 245 245 245 246 245 246 246 245
245 245 245 229 166 133 131 133 131 133 133 160 227 244 245 246
245 245 168 109 196 207 207 208 207 208 207 197 114 149 245 246
246 229 109 246 243 245 246 244 246 244 245 247 242 119 229 244
245 166 196 243 248 245 235 219 216 236 245 243 248 195 136 246
245 133 207 245 245 216  85 174 176  85 196 245 245 215  90 245
246 131 207 246 235  85 226 244 245 230  99 239 244 217  88 244
245 133 208 244 219 174 244 246 245 246 173 228 246 215  87 246
245 131 207 246 216 176 245 245 245 245 174 230 244 217  88 245
245 133 208 244 236  85 230 246 245 236 101 236 246 216  87 246
245 133 207 244 227 195  99 173 174 101 178 245 245 215  89 245
246 160 197 213  24 222 239 228 230 236 245 247 243 198 133 244
245 227 114 241 189 243 244 246 244 246 245 243 248 123 226 246
246 244 149 119 195 215 217 215 217 216 215 198 123 137 246 244
246 245 245 229 136  90  88  87  88  87  89 133 226 246 246 245
245 246 246 244 246 245 244 246 245 246 245 244 246 244 245 246
246 245 245 246 245 245 246 245 245 245 245 246 245 246 246 245
245 245 245 229 166 133 131 133 131 133 133 160 227 244 245 246
245 245 168 109 196 207 207 208 207 208 207 197 114 149 245 246
246 229 109 246 243 245 246 244 246 244 245 247 242 119 229 244
245 166 196 243 248 245 235 219 216 236 245 243 248 195 136 246
245 133 207 245 245 216  85 174 176  85 196 245 245 215  90 245
246 131 207 246 235  85 226 244 245 230  99 239 244 217  88 244
245 133 208 244 219 174 244 246 245 246 173 228 246 215  87 246
245 131 207 246 216 176 245 245 245 245 174 230 244 217  88 245
245 133 208 244 236  85 230 246 245 236 101 236 246 216  87 246
245 133 207 244 227 195  99 173 174 101 178 245 245 215  89 245
246 160 197 213  24 222 239 228 230 236 245 247 243 198 133 244
245 227 114 241 189 243 244 246 244 246 245 243 248 123 226 246
246 244 149 119 195 215 217 215 217 216 215 198 123 137 246 244
246 245 245 229 136  90  88  87  88  87  89 133 226 246 246 245
245 246 246 244 246 245 244 246 245 246 245 244 246 244 245 246
246 245 245 246 245 245 246 245 245 245 245 246 245 246 246 245
245 245 245 229 166 133 131 133 131 133 133 160 227 244 245 246
245 245 168 109 196 207 207 208 207 208 207 197 114 149 245 246
246 229 109 246 243 245 246 244 246 244 245 247 242 119 229 244
245 166 196 243 248 245 235 219 216 236 245 243 248 195 136 246
245 133 207 245 245 216  85 174 176  85 196 245 245 215  90 245
246 131 207 246 235  85 226 244 245 230  99 239 244 217  88 244
245 133 208 244 219 174 244 246 245 246 173 228 246 215  87 246
245 131 207 246 216 176 245 245 245 245 174 230 244 217  88 245
245 133 208 244 236  85 230 246 245 236 101 236 246 216  87 246
245 133 207 244 227 195  99 173 174 101 178 245 245 215  89 245
246 160 197 213  24 222 239 228 230 236 245 247 243 198 133 244
245 227 114 241 189 243 244 246 244 246 245 243 248 123 226 246
246 244 149 119 195 215 217 215 217 216 215 198 123 137 246 244
246 245 245 229 136  90  88  87  88  87  89 133 226 246 246 245
245 246 246 244 246 245 244 246 245 246 245 244 246 244 245 246

246 246 246 245 246 245 245 246 245 246 246 245 246 245 245 246
246 245 245 226 136  93  91  89  91  90  91 131 219 246 246 245
246 245 150 119 200 219 220 219 220 219 219 204 129 129 246 245
245 231 117 243 248 246 244 247 244 247 245 243 248 129 219 246
246 163 192 248 244 245 237 222 224 233 245 247 243 204 131 245
246 135 203 246 246 196  95 179 182 103 173 245 245 219  91 246
246 134 204 245 239  91 230 246 245 237 103 233 247 219  90 246
246 133 203 247 224 171 246 245 246 245 182 224 244 220  91 245
246 135 204 244 226 168 245 246 245 246 179 222 247 219  89 246
246 133 203 247 238  87 224 245 246 230  95 237 244 220  91 245
246 136 202 245 246 219  87 168 171  91 196 220 244 219  93 245
245 172 190 243 248 246 238 226 224 239 230  26 183 200 136 246
246 235 107 246 243 245 247 244 247 245 245 217 241 119 226 245
246 246 174 107 190 202 203 204 203 204 203 192 117 150 245 246
246 246 246 235 172 136 133 135 133 134 135 163 231 245 245 246
246 246 246 246 245 246 246 246 246 246 246 246 245 246 246 246
246 246 246 245 246 245 245 246 245 246 246 245 246 245 245 246
246 245 245 226 136  93  91  89  91  90  91 131 219 246 246 245
246 245 150 119 200 219 220 219 220 219 219 204 129 129 246 245
245 231 117 243 248 246 244 247 244 247 245 243 248 129 219 246
246 163 192 248 244 245 237 222 224 233 245 247 243 204 131 245
246 135 203 246 246 196  95 179 182 103 173 245 245 219  91 246
246 134 204 245 239  91 230 246 245 237 103 233 247 219  90 246
246 133 203 247 224 171 246 245 246 245 182 224 244 220  91 245
246 135 204 244 226 168 245 246 245 246 179 222 247 219  89 246
246 133 203 247 238  87 224 245 246 230  95 237 244 220  91 245
246 136 202 245 246 219  87 168 171  91 196 220 244 219  93 245
245 172 190 243 248 246 238 226 224 239 230  26 183 200 136 246
246 235 107 246 243 245 247 244 247 245 245 217 241 119 226 245
246 246 174 107 190 202 203 204 203 204 203 192 117 150 245 246
246 246 246 235 172 136 133 135 133 134 135 163 231 245 245 246
246 246 246 246 245 246 246 246 246 246 246 246 245 246 246 246
246 246 246 245 246 245 245 246 245 246 246 245 246 245 245 246
246 245 245 226 136  93  91  89  91  90  91 131 219 246 246 245
246 245 150 119 200 219 220 219 220 219 219 204 129 129 246 245
245 231 117 243 248 246 244 247 244 247 245 243 248 129 219 246
246 163 192 248 244 245 237 222 224 233 245 247 243 204 131 245
246 135 203 246 246 196  95 179 182 103 173 245 245 219  91 246
246 134 204 245 239  91 230 246 245 237 103 233 247 219  90 246
246 133 203 247 224 171 246 245 246 245 182 224 244 220  91 245
246 135 204 244 226 168 245 246 245 246 179 222 247 219  89 246
246 133 203 247 238  87 224 245 246 230  95 237 244 220  91 245
246 136 202 245 246 219  87 168 171  91 196 220 244 219  93 245
245 172 190 243 248 246 238 226 224 239 230  26 183 200 136 246
246 235 107 246 243 245 247 244 247 245 245 217 241 119 226 245
246 246 174 107 190 202 203 204 203 204 203 192 117 150 245 246
246 246 246 235 172 136 133 135 133 134 135 163 231 245 245 246
246 246 246 246 245 246 246 246 246 246 246 246 245 246 246 246
